REL_POS = [-389.0, -1843.0, -2117.0]
REL_ORI = [0.33378235,1.24518757, 2.8204752]
X_SCALE = [1000]
Y_SCALE = [1000]
