REL_POS = [2000.0,1000.0,1150.0]
REL_ORI = [0.785398,3.14159,-1.5708]
X_SCALE = [1000]
Y_SCALE = [1000]