REL_POS = [2000.0,500.0,1000.0]
REL_ORI = [0.698132,3.14159,-1.5708]
X_SCALE = [1]
Y_SCALE = [1]